0.199995
12599.896827
25199.594573
37799.292143
50398.988214
62998.683311
75598.377672
88198.072922
100797.769840
113397.467756
125997.165252
138596.861264
151196.556001
163796.250332
176395.946489
188995.644299
201595.342741
214195.040658
226794.737442
239394.433398
251994.128769
264593.825904
277193.524375
289793.223204
302392.921004
314992.617231
327592.312239
340192.007423
352791.704293
365391.403019
377991.101751
390590.799452
403190.495414
415790.189757
428389.885266
440989.582622
453589.281480
466188.980336
478788.678249
491388.374733
503988.070145
516587.766211
529187.463638
541787.161833
554153.771786
566753.468527
579353.164197
591956.958286
